17	28	56	59	71	73	75	76	88	93	99	102	103	106	107	113	120	162	163	176	177	185	187	227	267	269	291	292
4	25	30	51	55	84	87	152	161	233	234	235	237	243	256	258	280	293	294
0	2	3	5	6	7	9	24	48	60	89	289	295	296	298
118	136	138	199	207	231	266	278	279	286	287	299	301	303
122	139	150	179	198	208	213	217	245	250	259	274	277
58	61	63	86	115	121	125	178	183	203	205	261
81	110	130	142	149	157	181	210	215	244	262	283
18	22	40	41	62	64	69	74	172	273
33	214	249	252	275	276	282	285	290	300
1	80	100	148	171	184	220	257	270
44	108	128	189	190	192	193	204	218
12	19	83	94	101	104	117	173
32	37	52	57	67	112	119	200
39	79	90	98	133	191	201	265
68	78	114	132	197	241	268	271
14	126	131	134	167	182	211
43	49	70	95	159	165	195
23	27	96	109	147	196
154	180	188	202	216	224
8	29	42	47	116
15	36	153	155	248
35	38	146	158	253
54	77	82	91	141
129	242	246	255	281
10	72	225	230
53	137	288	297
85	145	229	239
92	186	212	240
123	124	166	260
169	223	251	272
11	170	304
21	26	164
31	247	302
45	46	111
50	65	66
97	105	236
160	222	228
194	226	238
254	263	264
13	16
20	206
34	219
127	140
135	232
143	151
144	156
168	174
175	221
209	284
